Countries,2015,2014,2013,2012,2011,2010,2009,2008,2007,2006,2005,2004,2003,2002,2001,2000
Albania,,,,,,1479,1639,1589,1431,2031,2195,2092,2087,1746,1366,1679 
Anguilla,,0,0,1,1,1,0,1,,3,1,1,4,2,4,4 
Antigua and Barbuda,,1,9,4,,,4,11,14,20,21,19,7,22,19,0 
Argentina,,23000,25774,25015,26461,26514,25860,24414,24680,20863,21765,21703,22996,21055,18837,18466 
Armenia,559,728,709,774,908,808,793,759,,897,,,673,779,753,833 
Aruba,,21,29,35,29,29,36,53,44,41,42,16,22,26,31,27 
Australia,,1742,1417,1337,1009,847,733,853,1016,915,,960,886,731,528,641 
Austria,,2020,1988,2072,2012,1929,1876,707,769,830,680,624,662,860,954,880 
Azerbaijan,,,,,,,,,4197,,,1613,1246,1233,1082,1278 
Bahamas,,,27,30,29,39,27,31,32,40,32,23,29,69,35,24 
Bahrain,,265,303,357,358,322,452,400,300,363,337,331,209,310,326,319 
Barbados,,,34,27,26,50,21,71,45,59,69,67,97,69,88,82 
Belarus,,14642,18968,,17781,15489,15362,16769,15595,,,,15104,14710,12198,12198 
Belgium,,,6006,6010,5308,5013,2970,2666,2644,2644,2542,2536,2739,2773,2722,2772 
Belize,,12,12,13,15,23,13,17,30,29,17,33,25,27,39,32 
Bermuda,4,0,4,3,4,11,16,14,27,16,8,2,2,9,6,2 
Bolivia,,,,,,,,,,,,,9893,11692,9159,10482 
Bosnia and Herzegovina,,2944,,,2482,,,,,,,,,,, 
Brazil,,71034,71721,74852,78316,79562,78916,79729,80168,85475,104405,126824,133284,134052,135635,135479 
British Virgin Islands,,,,,,2,10,1,,6,,4,3,4,2,8 
Brunei Darussalam,,68,52,59,61,101,96,49,68,40,40,49,48,57,73,68 
Bulgaria,,,3331,3238,3559,3396,3207,2933,2813,3351,3181,4724,5080,4827,5439,5678 
Canada,,,,2331,3017,2424,2230,2311,2464,3092,2461,2685,3079,3073,3064,2737 
Cabo Verde,,,,,267,,,,,,,,,,, 
Cayman Islands,,,5,,,6,7,3,6,7,4,4,1,3,5,4 
Chile,,2618,2194,2586,2383,2466,2403,2397,2557,2060,2379,2442,2381,2439,2872,3103 
Colombia,,,3822,3899,5546,4152,4289,3742,3212,3379,3163,3263,3291,3252,4622,3417 
Costa Rica,,376,549,212,230,166,460,522,224,409,117,177,141,392,180,147 
Croatia,502,394,473,565,545,509,576,557,543,520,657,754,785,1076,871,840 
Cuba,,720,670,645,671,687,594,763,643,635,637,672,583,499,611,497 
Cyprus,,,149,219,178,263,322,280,348,387,494,568,,,,2090 
Czech Republic,1485,1222,1326,1180,1154,1652,1706,1537,1309,935,940,770,729,765,675,573 
Denmark,,4121,4122,3795,4356,4141,4672,3998,3889,2466,2131,2629,2756,2857,2673,2554 
Dominica,,19,10,23,14,11,11,17,11,6,3,30,46,55,41,50 
Dominican Republic,,,,1849,1327,1248,951,1213,1408,1179,1993,2209,1954,2334,2643,2799 
Ecuador,,5702,5495,5626,5843,5773,5810,5942,6027,6321,6785,6355,6712,7128,6934,7374 
Egypt,,30717,64825,53748,58471,63835,63636,67335,67893,63806,64545,70416,75334,73968,82527,81441 
El Salvador,,,7050,6045,5403,5486,5119,5188,4977,4458,4167,4006,3917,3506,3612,3035 
Estonia,,310,315,307,333,316,296,326,683,620,624,610,705,771,729,822 
Falkland Islands (Malvinas),,,,,,,,,,,,,,,, 
Fiji,,,,247,177,,312,435,549,420,208,295,371,438,643, 
Finland,,685,481,388,276,279,309,316,299,287,285,274,271,257,212,178 
France,,,55883,51298,44511,45317,38253,36841,34913,33574,34880,32641,38581,35840,34974,32520 
French Guiana,,,142,118,91,148,66,80,94,116,87,87,83,68,132, 
Georgia,,14422,17323,16677,20201,26332,9747,,3813,3755,3196,2575,,,1343,1409 
Germany,,25799,25189,23995,22527,23616,23704,23916,21691,19978,20193,20682,21739,20560,22333,23789 
Greece,,,10979,13169,12187,10414,8161,7452,8524,7385,8651,8533,8472,7934,7261,8434 
Grenada,16,15,9,19,14,17,14,19,12,53,6,26,19,19,10, 
Guadeloupe,,,395,355,316,330,274,265,256,204,242,191,202,217,187,272 
Guatemala,,4855,5354,5224,5331,5056,5110,3132,3499,4317,5526,6921,5162,7003,8438,8018 
Guyana,,,,53,43,46,63,34,48,34,55,52,59,50,55, 
Haiti,,,,,,,,,,,,808,2316,2009,3812, 
Honduras,,,57,45,66,59,46,51,,,,,,,, 
Hong Kong SAR,,,1421,1195,1106,1021,835,696,632,649,527,474,344,356,299,357 
Hungary,,181,151,152,166,153,149,145,151,132,144,123,130,140,163,160 
Iceland,29,22,30,16,17,14,16,11,15,16,12,10,9,11,10,16 
Iraq,,,,,,,,6348,,,,,,,, 
Ireland,,,107,90,108,79,84,93,102,102,148,214,316,262,250,219 
Israel,,2193,2464,2373,2051,1932,1847,1916,2139,2147,2130,1763,1697,1804,1627,1594 
Italy,,,,11222,10171,9220,9211,9423,9794,9401,,,10768,6692,6671,7219 
Jamaica,,,,,129,166,175,,,313,1668,795,1621,2910,2924,1770 
Japan,,92960,86913,76751,68037,60346,51191,48021,41245,37659,34454,31155,29787,28458,27662,26548 
Jordan,,,,512,486,467,406,448,,,,,,,, 
Kazakhstan,6558,9250,9005,31770,27813,16471,12888,8414,6955,5985,5586,5201,4891,4687,4495,4775 
Kiribati,,,,,,,,,,,,,,,138,156 
Kuwait,,87,73,83,84,106,125,178,127,114,124,95,127,128,178,165 
Kyrgyzstan,941,790,689,670,666,577,487,621,721,622,961,868,958,960,1077,1429 
Latvia,,406,441,1095,1397,1908,2035,2368,2016,2206,1874,1724,1388,1294,1223,1233 
Lithuania,579,573,517,505,589,550,536,602,687,610,557,429,406,397,345,300 
Luxembourg,,94,99,108,109,112,99,95,109,101,108,105,177,136,120,109 
Macau,,,,,,,,,,,,,,,, 
Malaysia,,,,,,,,9510,8924,9180,8298,8581,7580,6111,6435,4782 
Maldives,,,,,163,123,,152,195,,112,106,197,271,292,71 
Malta,,20,22,18,12,33,30,29,39,33,32,15,39,31,18,23 
Martinique,,,260,,197,232,312,274,226,231,221,220,219,199,213,190 
Mauritius,,180,221,191,185,202,180,210,152,184,185,228,212,251,257,295 
Mayotte,,,100,121,3,,,,,,,,,,, 
Mexico,,9919,10173,9978,10583,11989,11024,10240,9916,9446,9471,9435,9897,9340,9173,8633 
Monaco,,,,,,,,,,,,,,,, 
Mongolia,,,,,,,,,,,,,,,, 
Montenegro,,,,,,,834,799,803,565,758,842,837,813,629,681 
Montserrat,0,0,0,0,0,2,0,1,1,0,0,0,0,0,2,3 
Morocco,,,,14219,15353,16726,15170,15325,,,,,,,, 
Netherlands,5537,5507,5622,5453,4966,5226,5219,5341,5310,5723,5715,6168,7124,7886,8196,7744 
Netherlands Antilles,,,,,,,,,,,,,,,,50 
New Zealand,,,,136,119,116,140,118,90,91,90,92,110,96,114,118 
Nicaragua,,,271,320,333,406,489,503,626,574,584,580,570,503,491,530 
Norway,,2249,3085,2183,2095,2192,2034,2065,1892,1738,1780,1724,2024,2193,1942,1996 
Occupied Palestinian Territory,,306,308,383,450,399,488,540,,,,,,,, 
Oman,,,,,,2634,2447,,,,,,,,, 
Panama,,568,508,495,523,498,555,398,455,1096,513,1068,1127,918,1089,1050 
Paraguay,,2889,2987,2627,2682,3120,3198,3239,3691,3204,3750,3807,4231,4009,3329,3803 
Peru,,96,317,331,815,389,233,555,231,630,18,1957,2311,2623,2647,10425 
Philippines,,,,,12642,12132,13583,16020,17213,23227,,,21363,19013,15874,16744 
Poland,,27878,24758,22755,23952,24496,23876,24425,25093,23697,24355,23921,23800,23557,24524,26060 
Portugal,,6476,9358,10297,9792,10057,9914,11055,11627,,,,10895,10046,11984,13151 
Puerto Rico,,494,245,152,194,284,189,149,227,164,169,177,207,312,207,286 
Qatar,,666,624,681,612,587,559,604,458,390,354,276,,,54, 
Republic of Korea,,,24566,25115,24998,25850,25808,27709,28270,31688,31934,30453,27069,24358,28988,33742 
Republic of Moldova,301,247,265,263,251,273,245,217,277,256,273,326,476,681,781,1396 
Reunion,,,546,305,230,192,198,212,195,174,187,175,185,198,173, 
Rodrigues,,2,3,7,3,5,4,3,2,2,8,3,,6,18, 
Romania,2606,3741,3033,1999,2050,2058,2067,1447,966,892,697,562,259,233,283,320 
Russian Federation,,,,,98749,102362,92332,91101,86659,94171,105979,107381,111873,107600,105594,102932 
Saint Kitts and Nevis,,,,3,4,3,6,2,1,2,4,1,1,3,5,4 
Saint Lucia,,28,22,33,44,36,24,103,,86,80,81,66,92,53,47 
Saint Pierre and Miquelon,,,,,,7,2,2,,2,2,,,,, 
Saint Vincent and the Grenadines,20,8,18,32,38,29,26,8,3,7,8,11,6,10,21,22 
San Marino,4,,,,,,,,,,19,,,30,,21 
Sao Tome and Principe,,,,,,,,,,,,,,,, 
Saudi Arabia,,,,13681,,,13685,,,,,,,,, 
Serbia,,4749,4436,4631,4695,4591,5270,4774,4955,4913,6553,9590,9205,9755,9063,9015 
Seychelles,,13,15,16,13,13,30,22,20,15,23,25,29,29,23, 
Singapore,62,48,54,53,47,58,60,43,40,25,18,56,53,37,36,67 
Slovakia,,1124,1175,1330,,630,736,667,667,693,712,646,673,553,480,592 
Slovenia,379,,316,310,273,275,251,181,237,349,521,621,822,742,745,647 
South Africa,,56551,57848,66209,69817,72974,78247,80397,83293,81737,72132,68525,68159,61877,56192,50187 
Spain,,8483,8948,10016,10612,10772,11086,11503,11364,10548,10969,10508,11014,10172,9863,9643 
Sri Lanka,,,,,,,,,,19349,,,26718,28361,29174,30413 
Suriname,,306,329,280,279,282,234,323,257,205,264,230,232,269,259,306 
Sweden,3019,2957,3093,3414,3600,4233,3284,2937,2992,2857,2898,2569,2542,2697,2433,2537 
Switzerland,,,2548,2548,2209,2148,2152,1780,1759,2150,2389,2653,2789,2515,2072,2003 
Syrian Arab Republic,,,,,,2828,6272,6685,5905,6040,6268,6825,9778,15607,13805,13337 
Tajikistan,,,,,,,,,,,1103,1074,887,910,1882,2283 
TFYR Macedonia,,,1217,1081,1349,1250,1265,1315,1489,1138,1343,1043,1388,1508,1268,1440 
Thailand,,118517,126419,135058,143042,154708,149322,150603,150358,149918,151096,149212,127487,143060,,149567 
Trinidad and Tobago,,,,,,156,151,200,171,157,172,156,138,146,204,173 
Tunisia,,,3824,,,,1588,,,,,,,,, 
Turkey,,,7761,15082,12593,12954,13930,,,,,,,,, 
Turkmenistan,,4790,4077,3562,3254,2729,2432,2093,2126,1633,1221,963,843,698,715,714 
Turks and Caicos Islands,,6,0,,,,5,3,10,6,2,7,7,6,11,9 
Ukraine,,14399,,14491,17041,19947,22182,25606,27829,29338,31647,30245,29978,28563,26317,26838 
United Arab Emirates,,,,,,1339,1783,1913,1804,1708,1490,,,,, 
United Kingdom,,,11718,11425,10870,10491,9859,11776,11598,11445,11920,12136,13413,13632,13863,14227 
United States of America,,32242,37755,42050,40184,38367,39845,38522,33503,31732,31994,30123,31443,29975,32326,31878 
Uruguay,,2824,2959,3311,,2764,2642,2572,2812,2377,2423,2580,2660,2442,2291,2245 
Uzbekistan,,2256,1674,1621,1553,1642,1725,,,,3863,3846,4265,2607,2249,2166 
Venezuela (Bolivarian Republic of),,,634,748,679,695,754,684,762,806,755,878,1028,890,968,1227 
Virgin Islands (USA),,,,36,23,26,20,19,17,14,11,15,19,11,11,7 
Zimbabwe,,,,,,,,,,,,,,,, 
